%# iteration evaluations sigma idxmaxSD idxminSD SDs=sigma*sqrt(diag(C)) (randomSeed=1595402412058, Wed Jul 22 17:20:12 AEST 2020)

0 0 0.2 1 1 0.2 0.2 0.2 0.2 0.2 
1 8 0.18485484475657554 1 4 0.18703802429772942 0.18439687398263369 0.17924102499568112 0.17857728445515467 0.1809486490627017 
2 16 0.21983633121794716 3 2 0.23315875085977958 0.21456581756287996 0.24163640088125118 0.21996675756181489 0.2125316520649635 
3 24 0.2275355630882829 3 2 0.23548893157146022 0.2170515163156436 0.25135760207297597 0.22354502252743846 0.21625533955792134 
4 32 0.2235392785482751 3 2 0.22410997367206587 0.21884501447485355 0.24478558126378197 0.21965397209402424 0.20593195183982538 
5 40 0.2151764257204596 3 1 0.20966946021189792 0.2097456773721245 0.2281346516473494 0.21113417727549105 0.1976063459216868 
6 48 0.18955545887856848 4 1 0.17792737277182644 0.18366792774378068 0.1941983023862587 0.2014399677990113 0.16852691283268564 
7 56 0.1670368772014871 4 1 0.15290710011379452 0.16014038669719155 0.16525133444751078 0.17717634953423184 0.15034829341336256 
8 64 0.15640960639404497 4 1 0.1421669281376978 0.15060233289953415 0.14954016283745988 0.16075581009635273 0.13750577789423046 
9 72 0.16427357414228266 4 1 0.14522935373122872 0.16471336072305098 0.15110667375186587 0.16635694556919298 0.14352601172116616 
10 80 0.17086018730764763 2 1 0.14728097014570668 0.17216944470775433 0.15140524869645955 0.16982550080168526 0.15471388581687864 
11 88 0.17147211889238415 2 1 0.14450044901340925 0.1780877835006099 0.14795797261126495 0.1682056116169689 0.15204166714755027 
12 96 0.15183299234960818 2 1 0.12492721544578837 0.15429776312786483 0.1269539667408116 0.14409549575752967 0.13133843059368597 
13 104 0.12810163646584707 2 1 0.10203554310445022 0.12706519250691106 0.10377907697457506 0.1218538723331626 0.10829243177918237 
14 112 0.10460447751775764 2 1 0.08117758594310409 0.10029433317576844 0.08159854715928112 0.09647736178256713 0.08522892512413459 
15 120 0.09485856792307311 2 3 0.07252578938946998 0.09050730002799712 0.07136895483835293 0.08692448492691146 0.07579766142462677 
16 128 0.0810717274483506 2 3 0.061088492814461125 0.07595943640256467 0.05877774257054579 0.07425715351412547 0.06322747736810422 
17 136 0.08931928671302851 4 3 0.06686173319927081 0.08591766052386428 0.06268894207809546 0.08879691552392022 0.06837257573110143 
18 144 0.10022154124329867 4 3 0.0728431371081085 0.09595011129969148 0.06775506745359884 0.10624069400514916 0.07701792576646167 
19 152 0.09875204486143345 4 3 0.07006382224515272 0.0912392879622921 0.06422906274587137 0.1068931081810805 0.07448128614216946 
20 160 0.10964682189608004 4 3 0.07768271656383187 0.10109396110776733 0.06867637481129697 0.12155758562700594 0.08563734222780287 
21 168 0.12208990054209787 4 3 0.08433711538216021 0.11772481026674078 0.07355644421627662 0.1315969119767554 0.10034935484947023 
22 176 0.11366330893131683 4 3 0.07575936498723738 0.10797702676252356 0.06589376020484831 0.12318040759387905 0.0919635795893079 
23 184 0.10421418637589414 4 3 0.06960416185461886 0.0971320072987543 0.05813972481643349 0.11112993982005738 0.08254924446145813 
24 192 0.10882541968990488 4 3 0.07029762003974997 0.09801254717763609 0.058570298744912194 0.12442765159438937 0.091606848403961 
25 200 0.09795873015562201 4 3 0.06278243065969369 0.08612845052361306 0.0508311106722697 0.11190204498778594 0.08086765779326394 
26 208 0.09242778599259803 4 3 0.060205524210424174 0.07985286196610991 0.04611681460408305 0.1151398564660975 0.07484262235525323 
27 216 0.09767160795071478 4 3 0.06843081767539938 0.08204863171963069 0.04714094112670217 0.11952937236846928 0.07669515308139489 
28 224 0.08083567389039506 4 3 0.05655151894850347 0.06574701803879743 0.037562846663328375 0.09660293209718028 0.06198648191014468 
29 232 0.07781844643907412 4 3 0.053556366880989976 0.06190606272221392 0.03503851705862012 0.09255015969562602 0.058173601112774816 
30 240 0.08128985918531571 4 3 0.05623766470441916 0.06393472293193671 0.03535848358257249 0.10044631002904682 0.06024288933470468 
31 248 0.0765216354639665 4 3 0.053210117778762465 0.06032113203149921 0.03208631213591654 0.09343259664888336 0.05547609887523955 
32 256 0.06782193524461672 4 3 0.04698505640228817 0.05334433318401909 0.027446285224642247 0.08075982051459306 0.04844488536591407 
33 264 0.08545411327561761 4 3 0.05938338149420064 0.06726161245606764 0.03326809325546766 0.1243979368136898 0.061117061708549136 
34 272 0.08461695512639245 4 3 0.057584652641233525 0.06496557210785288 0.03168162375971637 0.12274861836506101 0.060757866458134496 
35 280 0.07591952255928593 4 3 0.05140994297509225 0.056736222189658125 0.02735067811863651 0.10715889424832502 0.05326936153671982 
36 288 0.06536489841405267 4 3 0.04455406524349157 0.04746596024311669 0.022688575217134358 0.09065400389242946 0.04533820026038154 
37 296 0.05634953469798137 4 3 0.03712365057594534 0.041729316586515526 0.018991569489194678 0.07755160706779353 0.039589233887641836 
38 304 0.05561494220616737 4 3 0.03746956639406092 0.03987792554370171 0.01806070125564459 0.0795074313173173 0.037794625700742435 
39 312 0.05165632445102502 4 3 0.035241646840215766 0.036613290661258714 0.0161860867493555 0.07194028036345304 0.0349045128652622 
40 320 0.05056662339657502 4 3 0.034160723936680126 0.03470915302121718 0.015381195745768784 0.07033079465776826 0.037570394837200816 
41 328 0.04988742533331832 4 3 0.03349296688468142 0.035689615532679006 0.014612386202684766 0.0672099411445977 0.03743953366863775 
42 336 0.04631429433527312 4 3 0.030735032644039314 0.03310453446808305 0.013098456495049858 0.060678541239212236 0.0339498558582102 
43 344 0.04295973035206713 4 3 0.029242619139193148 0.029652049183808423 0.01194579232319055 0.054403273394439886 0.030428791807491987 
44 352 0.04154554663478796 4 3 0.02745105985194326 0.029411386663225167 0.011315143842414091 0.050726014290130905 0.028967932223098763 
45 360 0.03936943896671417 4 3 0.025177900176218636 0.028104902162853305 0.010515007008404104 0.04631672943054572 0.026509560982379863 
46 368 0.03865830557758236 4 3 0.02422651123842744 0.02878800131117178 0.009953859453372819 0.04398493312085415 0.02530732166538563 
47 376 0.03727612701416552 4 3 0.024548576747907447 0.028653395221268693 0.009244758035151405 0.040866483806006416 0.023730825657948616 
48 384 0.03304903092721915 4 3 0.021367643726716876 0.02490991423908857 0.008042566798317472 0.03510284193450867 0.020692170591498426 
49 392 0.03111985659869017 4 3 0.020144038095209732 0.02307043047931091 0.007339050258034097 0.032143266107095315 0.02012746002263517 
50 400 0.026735985209329988 4 3 0.017006462350656015 0.019208891660131303 0.0061380791695617104 0.026824125710317535 0.016742520701248244 
51 408 0.025031709167743388 4 3 0.015694037250471176 0.01807645247895003 0.005630762405541318 0.024259898667695293 0.015782404064450573 
52 416 0.02320895581483338 4 3 0.014121989383252173 0.016526093646559714 0.005035297234043413 0.02181765981357021 0.014528119893241376 
53 424 0.022459981334481294 4 3 0.013247871290444527 0.01738692348771915 0.004766879070407781 0.02034211540310693 0.013931745202028051 
54 432 0.021267524182072343 4 3 0.012757114585853943 0.016456653167847737 0.004366082503059815 0.018580883068076835 0.012737956469786505 
55 440 0.022596595926069787 4 3 0.013801340134870372 0.01739843578563544 0.0045671448303064065 0.01901738613123364 0.013324197916181332 
56 448 0.02067885091728895 4 3 0.012367894528453311 0.015537641238274816 0.004097897891859137 0.016801498862901693 0.01220685188530623 
57 456 0.02011738635479973 4 3 0.013138118701181882 0.014840517693283806 0.003926788785853273 0.01575558191740463 0.011519339160995446 
58 464 0.019971544884732555 2 3 0.012646640097584412 0.01557423965638737 0.003920465821974791 0.01504466847505802 0.011667647731295413 
59 472 0.021649057875242718 2 3 0.013389686680056514 0.018245671557505134 0.004128821931339613 0.015804828902092852 0.013056015651503099 
60 480 0.023207973151640315 2 3 0.014817094354736375 0.02051665823837459 0.004365603063274273 0.016326019877441745 0.013746924244945908 
61 488 0.024290524592721265 2 3 0.015262997370803628 0.021651057416516812 0.004446224140930655 0.01645441285577249 0.01393561475317301 
62 496 0.023779958164947865 2 3 0.014507611116670132 0.021308052577597995 0.004329153077244978 0.015552021082305847 0.013400317443564002 
63 504 0.020585756897192223 2 3 0.01261552259805126 0.017893280480211087 0.0036254926619979887 0.01297987362924457 0.011356432648610795 
64 512 0.021313675125009566 2 3 0.013573897099132476 0.018625361556115185 0.003634078961732886 0.013026724657532369 0.012048699208727724 
65 520 0.017856412313300644 2 3 0.011093000776673122 0.01522184244761221 0.0031094798316806246 0.01051771785406714 0.01035044737794239 
66 528 0.017117529899440116 2 3 0.010606886207386512 0.015479552091320242 0.002939395847704563 0.009712465159532809 0.009928791704910985 
67 536 0.015976954180921262 2 3 0.010184509242849617 0.014217423624945068 0.0027513415637998606 0.008758047255433377 0.00911636905167133 
68 544 0.015630943961269624 2 3 0.009957246900452228 0.013767999276247259 0.0026412416583556286 0.0086430879756149 0.009087570752151261 
69 552 0.016868476833505265 2 3 0.011673102067547195 0.014504973427985419 0.002785702668279033 0.009048535723743555 0.009712546624451823 
70 560 0.018737348547911623 2 3 0.013273521342601471 0.015706773086182135 0.003093676503930279 0.009873748503934174 0.010574978566647514 
71 568 0.02007480321622463 2 3 0.014390148744509782 0.01633795019881873 0.0033088515281978433 0.010212376508628558 0.011635372848988981 
72 576 0.02174994368119276 2 3 0.01607315309290082 0.01710201849182183 0.0036657711323485075 0.010749864431708367 0.013020536648016704 
73 584 0.01975167270821069 2 3 0.014350146063690837 0.01571209440013628 0.003252221278420829 0.00941382319104223 0.011666098931426274 
74 592 0.018774363726236473 2 3 0.013209696371440174 0.014435399398655084 0.0031254361622103633 0.008615901210325131 0.010900070264292962 
75 600 0.017989725388282755 2 3 0.012360350270235526 0.014301188108732401 0.0028943822186834646 0.007970193714228377 0.010249387612247285 
76 608 0.01774049029644444 2 3 0.012021171353464427 0.01387954962326594 0.002815740771054138 0.007575266509470809 0.010499144516467664 
77 616 0.01632589577655368 2 3 0.010933641545217553 0.012468831702324207 0.0025386313636008608 0.006737312929438971 0.009541550136023582 
78 624 0.018072939635475523 2 3 0.012306404542640892 0.014035918697430632 0.0027169871558948757 0.0071774972387229205 0.011999313540202524 
79 632 0.016046935958292187 2 3 0.01091143026125028 0.012249555872378692 0.002332939806232914 0.006150093157179414 0.010577697201256727 
80 640 0.012878189405111817 2 3 0.008490706650226613 0.009505983393981376 0.0018224946362116854 0.004799318960707172 0.00837159194336308 
81 648 0.013305937295579221 2 3 0.008592475614594537 0.009491996162582507 0.0018774596119629366 0.004798939233746065 0.00921993793759195 
82 656 0.016229804016463734 5 3 0.011097493063130823 0.011478465910974053 0.002256193776205008 0.0057515953838401124 0.01269151312507845 
83 664 0.01464864737727561 5 3 0.010024053182555266 0.010234110387937152 0.0019982066357900306 0.005059969233859919 0.011241156029679419 
84 672 0.013507519836244947 5 3 0.009185250876942717 0.00946659492756167 0.0017853932629559332 0.0045334111556747745 0.010593947067658111 
85 680 0.012469744161504136 5 3 0.008301268274767142 0.008694605891252058 0.0016102626436255302 0.0040660278304205525 0.010215317416915564 
86 688 0.014911352324473978 5 3 0.009987643502390108 0.011786608738291479 0.0018766436131105585 0.004720851488632644 0.013062150144647688 
87 696 0.01562932307636451 5 3 0.011174386617934344 0.012044513316403476 0.0018993642599368348 0.004772050623185409 0.014181214459331955 
88 704 0.015357919971728725 5 3 0.01109671433607723 0.011595611372863218 0.0018345189053054517 0.0045192682315461355 0.013869377520355042 
89 712 0.014812118746736807 5 3 0.010468944192068319 0.010826780100439881 0.0018204159124002126 0.0042172082825298165 0.01297999846851873 
90 720 0.01650242646481245 5 3 0.01161768176219891 0.01166151339891195 0.0021768518926941253 0.004538792235537605 0.014016312423273114 
91 728 0.015457060479053134 5 3 0.010559143768459 0.010622381560715915 0.0020338141269700257 0.0041304141157930685 0.012895579102800023 
92 736 0.013234236851725801 5 3 0.009007150475683203 0.009043969706454838 0.0017042560264207522 0.0034289410499309457 0.010665118975982038 
93 744 0.012302244425336633 5 3 0.008468161991479994 0.008269209489987543 0.0015343719946876153 0.003086103747371838 0.010379350409192961 
94 752 0.01352107502169342 5 3 0.009396349670692375 0.008985907908571476 0.001921864291745414 0.0032666953302277267 0.011564340266553666 
95 760 0.013208761934111217 5 3 0.008967065593538761 0.008550639874550382 0.0019162154832911347 0.003079288566955699 0.011135865276025073 
96 768 0.012365150408227388 5 3 0.00832191934518611 0.00786525215596688 0.0017652726071076402 0.002796374620417238 0.010092643723629446 
97 776 0.013254366174653148 5 3 0.009696007817094121 0.008165340424420329 0.0018999511385629046 0.0028968221339638993 0.011087257396209367 
98 784 0.013920099840523194 5 3 0.010490420128155221 0.008389031858292395 0.002048309651585983 0.0029366969799183907 0.011789915140818416 
99 792 0.0116282056966831 5 3 0.008682071499918604 0.006794006080465833 0.0016575183981226923 0.002372073830386675 0.009584396729280143 
100 800 0.011805352315766062 5 3 0.009028225466585943 0.00671656861033412 0.001644715758658036 0.0023300589229204283 0.009599787764994653 
101 808 0.011229846353375404 5 3 0.008395826857252946 0.006464584272528173 0.0015590650022438545 0.0021478506939434923 0.008875779374564805 
101 809 0.011229846353375404 5 3 0.008395826857252946 0.006464584272528173 0.0015590650022438545 0.0021478506939434923 0.008875779374564805 
1 8 0.23266193604199314 3 2 0.23300998009981763 0.2294277593457139 0.25575263590565905 0.2428121131884622 0.23038188808940557 
2 16 0.232217105022946 3 1 0.22676834234315046 0.23164287828755273 0.2550943848846687 0.23748456595658535 0.22148961752826468 
3 24 0.218427500708964 3 1 0.2102733493251473 0.213237411583122 0.23754171569298524 0.216664901393983 0.20222398804746722 
4 32 0.20004183246511606 3 1 0.18803604283173578 0.19537472671100373 0.21037009585281538 0.1926243020856232 0.19635937678923251 
5 40 0.16764942091691246 3 1 0.15337865056250324 0.15980382255739425 0.17238581861899213 0.1577165993202235 0.1643423829079183 
6 48 0.11861397644371399 3 1 0.10545582051276083 0.10944162520412268 0.11925481959506908 0.10815551544897757 0.11435576743878237 
7 56 0.10776879651366351 3 1 0.09445209184961988 0.09608757416065108 0.10474148654277396 0.1014344883595677 0.10264901920441655 
8 64 0.10176271726612122 3 1 0.08746179706706862 0.09018921903574531 0.09881504681003436 0.09364040508771182 0.09570076024275255 
